Cavities volume center_x center_y center_z size_x size_y size_z score
1 417 -21.161 11.802 13.940 18 18 18 -5.0
2 322 11.557 1.355 -15.731 18 18 18 -4.7
3 194 16.492 -8.413 -7.287 18 18 18 -5.5
4 188 -25.474 -1.062 17.757 18 18 18 -4.6
5 165 2.983 -3.959 -23.486 18 18 18 -5.1
6 138 7.747 11.895 -20.844 18 18 18 -4.5
7 131 13.285 6.081 -6.003 18 18 18 -4.6
8 148 -8.224 5.267 18.967 18 18 18 -5.1
9 111 13.691 12.764 -16.861 18 18 18 -5.1
10 48 -20.343 12.836 5.343 18 18 18 -5.1
11 65 -20.932 -10.018 7.840 18 18 18 -3.7
12 76 0.113 -4.484 6.280 18 18 18 -3.6
13 92 -11.108 -4.711 -11.852 18 18 18 -4.4
14 103 11.274 -13.860 -11.431 18 18 18 -5.3
15 72 -5.141 6.372 -14.603 18 18 18 -4.5
16 84 -24.880 6.738 22.146 18 18 18 -4.9
17 49 -0.401 -11.972 -7.046 18 18 18 -4.9
18 41 -9.036 15.721 1.406 18 18 18 -4.3
19 83 -17.573 2.701 13.358 18 18 18 -5.0
20 75 -31.997 3.989 14.827 18 18 18 -4.7
